[gd_scene format=3 uid="uid://dlj6hyt2nse2d"]

[ext_resource type="Script" uid="uid://bc5t7nwjpa0fv" path="res://Levels/Gym/camera_manager.gd" id="1_fl72k"]
[ext_resource type="PackedScene" uid="uid://cssh8bw1tfdfv" path="res://Levels/Gym/Cameras/camera_scene.tscn" id="2_qnil2"]

[node name="Cameras" type="Node3D" unique_id=1583813655]
script = ExtResource("1_fl72k")
fixedCamMode = false

[node name="Camera1" parent="." unique_id=278465853 instance=ExtResource("2_qnil2")]

[node name="Camera3D" parent="Camera1" index="0" unique_id=16740598]
transform = Transform3D(-0.8121752, 0, -0.58341354, 0, 1, 0, 0.5834136, 0, -0.81217515, -5.0185204, 4.000229, -5.4252825)
fov = 58.3
size = 4.553

[node name="Area3D" parent="Camera1" index="1" unique_id=374430727]
collision_layer = 2
collision_mask = 3

[node name="Camera2" parent="." unique_id=1539242069 instance=ExtResource("2_qnil2")]
transform = Transform3D(-0.07245485, 0, 0.9973717, 0, 1, 0, -0.9973717, 0, -0.07245485, -3.2768884, 4.7683716e-07, 6.310877)

[node name="Camera3D" parent="Camera2" index="0" unique_id=16740598]
transform = Transform3D(-0.06848713, 0.41227666, -0.90848076, 0.052333772, 0.9108499, 0.40940648, 0.99627846, -0.019505143, -0.08395747, -5.0378394, 5.232009, -4.505389)
fov = 58.3

[node name="Area3D" parent="Camera2" index="1" unique_id=374430727]
transform = Transform3D(1, 0, 0, 0, 1, 0, 0, 0, 1, -5.9107385, 3.5928645, -5.2373934)
collision_layer = 3
collision_mask = 3

[node name="CollisionShape3D" parent="Camera2/Area3D" index="0" unique_id=172106046]
transform = Transform3D(1.0000114, 5.215486e-08, -3.799796e-07, 0, 0.9999999, -9.313226e-08, 1.7881393e-07, -1.4901433e-07, 1.000009, 4.121449, -1.4759216, 0.5256882)

[node name="Camera3" parent="." unique_id=549397179 instance=ExtResource("2_qnil2")]
transform = Transform3D(1, 0, 0, 0, 1, 0, 0, 0, 1, 9.3102045, -1.9073486e-06, -4.436125)

[node name="Camera3D" parent="Camera3" index="0" unique_id=16740598]
transform = Transform3D(0.355936, 0.1731175, -0.91833544, 0.029645309, 0.9801052, 0.19625205, 0.93404, -0.097077504, 0.34372258, -11.171196, 7.5667033, 2.5598273)
fov = 72.3
size = 4.553

[node name="Area3D" parent="Camera3" index="1" unique_id=374430727]
collision_layer = 2
collision_mask = 3

[editable path="Camera1"]
[editable path="Camera2"]
[editable path="Camera3"]
